[gd_scene format=3 uid="uid://7yps2pemu2cq"]

[ext_resource type="PackedScene" uid="uid://b3ocdww6yi2fo" path="res://assets/decoration/scenes/barril_2.tscn" id="2_wim2n"]
[ext_resource type="PackedScene" uid="uid://qh0dw2yca3rq" path="res://assets/decoration/scenes/barril_tumbado_2.tscn" id="3_5jx2d"]
[ext_resource type="PackedScene" uid="uid://d0b2dgmq3pjyc" path="res://assets/decoration/scenes/caja_2.tscn" id="4_jpqcl"]

[node name="Decoration2" type="Node3D" unique_id=172953294]

[node name="barril2" parent="." unique_id=2096751750 instance=ExtResource("2_wim2n")]
transform = Transform3D(1, 0, 0, 0, 1, 0, 0, 0, 1, -3.339793, 0.5929204, -5.7041025)

[node name="barrilTumbado2" parent="." unique_id=507628164 instance=ExtResource("3_5jx2d")]
transform = Transform3D(0.9567578, 0, 0.29088587, 0, 1, 0, -0.29088587, 0, 0.9567578, -4.494746, 0.50247824, -5.3873677)

[node name="caja2" parent="." unique_id=58746692 instance=ExtResource("4_jpqcl")]
transform = Transform3D(0.97264224, 0, -0.23230813, 0, 1, 0, 0.23230813, 0, 0.97264224, 3.946076, 0.52168477, 3.3042774)

[node name="caja3" parent="." unique_id=803456932 instance=ExtResource("4_jpqcl")]
transform = Transform3D(0.8381378, 0, -0.5454585, 0, 1, 0, 0.5454585, 0, 0.8381378, 4.1743956, 0.52168477, 4.051118)

[node name="caja4" parent="." unique_id=330067379 instance=ExtResource("4_jpqcl")]
transform = Transform3D(0.9604834, 0, -0.2783374, 0, 1, 0, 0.2783374, 0, 0.9604834, 3.1653354, 0.52168477, 3.97575)

[node name="caja5" parent="." unique_id=1242802517 instance=ExtResource("4_jpqcl")]
transform = Transform3D(1, 0, 0, 0, 1, 0, 0, 0, 1, 3.8363895, 1.2586894, 4.1177406)

[node name="barril3" parent="." unique_id=852759022 instance=ExtResource("2_wim2n")]
transform = Transform3D(1, 0, 0, 0, 1, 0, 0, 0, 1, -2.7007728, 0.5929204, -5.7041025)
